,yhat1 2.5%,yhat1 97.5%
0,87.9934310913086,90.9544906616211
1,87.58332061767578,91.24334716796875
2,88.75936126708984,91.82565307617188
3,88.87688446044922,92.32186126708984
4,89.13853454589844,93.31272888183594
5,90.3120346069336,93.91973114013672
6,91.85322570800781,95.28382110595703
7,92.40245056152344,95.33013916015625
8,92.83695220947266,96.99430847167969
9,94.8818359375,98.27452087402344
10,96.44910430908203,99.11309051513672
11,97.0531005859375,100.38571166992188
12,98.1065673828125,101.57899475097656
13,99.43995666503906,102.52863311767578
14,100.98542785644531,103.63912963867188
15,102.00191497802734,104.58580017089844
16,103.00657653808594,105.93106079101562
