,yhat1 2.5%,yhat1 97.5%
0,87.9331283569336,91.04419708251953
1,87.58295440673828,91.18253326416016
2,88.81942749023438,91.85934448242188
3,88.87126159667969,92.35508728027344
4,89.07193756103516,93.28761291503906
5,90.3241958618164,93.88377380371094
6,91.90984344482422,95.30712127685547
7,92.39166259765625,95.28269958496094
8,92.8349838256836,96.91836547851562
9,94.92894744873047,98.32117462158203
10,96.4690170288086,99.13786315917969
11,97.07472229003906,100.28321838378906
12,98.11894226074219,101.58680725097656
13,99.43549346923828,102.58753967285156
14,100.9726333618164,103.64795684814453
15,102.00224304199219,104.56538391113281
16,102.98368072509766,105.9524154663086
