,yhat1 2.5%,yhat1 97.5%
0,88.03155517578125,90.9365234375
1,87.4943618774414,91.19354248046875
2,88.54227447509766,91.89207458496094
3,89.0433120727539,92.31328582763672
4,89.04166412353516,93.26056671142578
5,90.27750396728516,93.83074951171875
6,91.85576629638672,95.15339660644531
7,92.34516906738281,95.2400131225586
8,92.82522583007812,96.95830535888672
9,94.91047668457031,98.15863800048828
10,96.50676727294922,98.94232940673828
11,96.99236297607422,100.3172607421875
12,98.06459045410156,101.5765609741211
13,99.58541107177734,102.40263366699219
14,101.02848052978516,103.51612854003906
15,102.00390625,104.56221008300781
16,102.98686218261719,105.92791748046875
