,yhat1 5.0%,yhat1 95.0%
0,88.34925842285156,90.74141693115234
1,87.80696868896484,90.932861328125
2,89.034423828125,91.52384185791016
3,89.07528686523438,92.00370025634766
4,89.42906188964844,93.0204849243164
5,90.53607177734375,93.45597839355469
6,92.01715850830078,94.84381866455078
7,92.59342956542969,95.06057739257812
8,93.07456970214844,96.69252014160156
9,95.08354949951172,97.86063385009766
10,96.61823272705078,98.76790618896484
11,97.17977905273438,100.06517028808594
12,98.30040740966797,101.26823425292969
13,99.6532211303711,102.19300842285156
14,101.22050476074219,103.33323669433594
15,102.13300323486328,104.30598449707031
16,103.17143249511719,105.70809173583984
