,yhat1 2.5%,yhat1 97.5%
0,88.03862762451172,91.32152557373047
1,87.56149291992188,91.15839385986328
2,88.75421142578125,92.13792419433594
3,88.83943939208984,92.86092376708984
4,89.05482482910156,93.42598724365234
5,90.27562713623047,93.62616729736328
6,91.85640716552734,95.0697250366211
7,92.3316421508789,95.4480209350586
8,92.80485534667969,96.9358139038086
9,94.9423828125,97.9619369506836
10,96.43787384033203,99.03778839111328
11,96.9787368774414,100.40077209472656
12,98.1030044555664,101.62651062011719
13,99.49314880371094,102.4161148071289
14,101.02428436279297,103.62865447998047
15,102.03536987304688,104.69425964355469
16,103.06100463867188,106.06708526611328
