,yhat1 2.5%,yhat1 97.5%
0,88.0389175415039,91.40733337402344
1,87.66812133789062,91.29484558105469
2,88.76649475097656,92.30206298828125
3,88.92206573486328,92.66199493408203
4,89.11621856689453,93.80619049072266
5,90.34759521484375,93.44974517822266
6,91.86090087890625,95.50189208984375
7,92.31474304199219,95.7651138305664
8,92.82308197021484,96.7513427734375
9,94.89929962158203,97.96344757080078
10,96.3572998046875,99.21845245361328
11,96.95681762695312,100.44542694091797
12,98.08540344238281,101.40830993652344
13,99.46231079101562,102.26719665527344
14,100.96977233886719,103.7325439453125
15,102.03567504882812,104.56825256347656
16,103.05449676513672,106.0695571899414
