,yhat1 2.5%,yhat1 97.5%
0,88.07129669189453,90.93057250976562
1,87.66024017333984,91.16608428955078
2,88.77103424072266,91.80447387695312
3,88.86071014404297,92.24948120117188
4,89.14874267578125,93.2243881225586
5,90.3201675415039,93.78852844238281
6,91.79060363769531,95.1863021850586
7,92.40592956542969,95.23015594482422
8,92.86722564697266,96.90657806396484
9,94.89635467529297,98.22004699707031
10,96.45137786865234,99.03569793701172
11,97.07406616210938,100.31803894042969
12,98.147705078125,101.56055450439453
13,99.4781494140625,102.45457458496094
14,101.00630950927734,103.55166625976562
15,101.99990844726562,104.54088592529297
16,102.99446105957031,105.916259765625
