,yhat1 5.0%,yhat1 95.0%
0,88.29989624023438,90.65525817871094
1,87.7958984375,90.89228057861328
2,89.0093002319336,91.45865631103516
3,89.05657958984375,91.91461181640625
4,89.35321807861328,92.98670196533203
5,90.49970245361328,93.42829895019531
6,92.02242279052734,94.78069305419922
7,92.55001831054688,95.02127838134766
8,93.03570556640625,96.67539978027344
9,95.05907440185547,97.871826171875
10,96.61116027832031,98.74320983886719
11,97.17789459228516,100.06951904296875
12,98.27676391601562,101.25426483154297
13,99.64476776123047,102.15583801269531
14,101.2192153930664,103.30290222167969
15,102.1436996459961,104.28781127929688
16,103.1759033203125,105.68810272216797
