,yhat1 5.0%,yhat1 95.0%
0,88.11131286621094,90.68575286865234
1,88.3156509399414,90.95695495605469
2,89.19924926757812,91.55594635009766
3,88.87757110595703,91.99079895019531
4,89.68592834472656,93.02691650390625
5,90.79592895507812,93.54364013671875
6,91.99594116210938,94.88011169433594
7,92.44793701171875,95.08551788330078
8,93.22045135498047,96.73359680175781
9,95.00325775146484,97.91053009033203
10,96.57954406738281,98.81273651123047
11,97.22463989257812,100.09033966064453
12,98.26693725585938,101.29366302490234
13,99.52802276611328,102.2418441772461
14,101.18238067626953,103.3805923461914
15,102.0856704711914,104.35020446777344
16,103.11880493164062,105.73018646240234
