,yhat1 2.5%,yhat1 97.5%
0,88.04983520507812,90.92923736572266
1,87.67290496826172,91.22552490234375
2,88.68570709228516,91.84146881103516
3,88.89785766601562,92.31179809570312
4,89.0208511352539,93.30648040771484
5,90.3579330444336,93.90513610839844
6,91.85377502441406,95.1874771118164
7,92.30918884277344,95.26219177246094
8,92.83350372314453,97.04238891601562
9,94.97047424316406,98.2134780883789
10,96.50686645507812,98.93110656738281
11,97.02159118652344,100.31222534179688
12,98.11761474609375,101.5660171508789
13,99.59223175048828,102.3857192993164
14,101.04937744140625,103.49996948242188
15,102.02446746826172,104.56982421875
16,102.99483489990234,105.93312072753906
