,yhat1 2.5%,yhat1 97.5%
0,88.26661682128906,91.11820983886719
1,87.70418548583984,91.24618530273438
2,88.64997100830078,92.03783416748047
3,88.82876586914062,92.38645935058594
4,89.18455505371094,93.29228210449219
5,90.15632629394531,93.79407501220703
6,91.69817352294922,95.23918151855469
7,92.28258514404297,95.24799346923828
8,92.73374938964844,96.83091735839844
9,94.88920593261719,98.1926498413086
10,96.44801330566406,99.08143615722656
11,96.90901184082031,100.26642608642578
12,98.01776123046875,101.5759506225586
13,99.58262634277344,102.56350708007812
14,101.09561157226562,103.66377258300781
15,101.92316436767578,104.54779052734375
16,103.01200866699219,105.9505386352539
