,yhat1 5.0%,yhat1 95.0%
0,88.2944107055664,90.86994171142578
1,87.78121948242188,90.91764068603516
2,89.05496978759766,91.51687622070312
3,89.08364868164062,92.07656860351562
4,89.37249755859375,93.03587341308594
5,90.5233154296875,93.45169067382812
6,92.04316711425781,94.8783187866211
7,92.56559753417969,95.0481185913086
8,93.03402709960938,96.58306884765625
9,95.06913757324219,97.87468719482422
10,96.60527801513672,98.90917205810547
11,97.16613006591797,100.07124328613281
12,98.27317810058594,101.24348449707031
13,99.62716674804688,102.26436614990234
14,101.20690155029297,103.43582153320312
15,102.14451599121094,104.31685638427734
16,103.17247009277344,105.71708679199219
