,yhat1 2.5%,yhat1 97.5%
0,88.01313018798828,91.06571197509766
1,87.62451171875,91.2926254272461
2,88.76393127441406,91.98477935791016
3,88.8602523803711,92.43761444091797
4,89.07482147216797,93.3660888671875
5,90.31546783447266,93.90351867675781
6,91.87422943115234,95.26436614990234
7,92.35028076171875,95.34209442138672
8,92.80122375488281,97.03656005859375
9,94.93940734863281,98.17265319824219
10,96.44708251953125,99.03237915039062
11,97.00959014892578,100.38119506835938
12,98.10443115234375,101.60983276367188
13,99.49583435058594,102.46590423583984
14,101.00074768066406,103.62054443359375
15,102.0111083984375,104.63656616210938
16,103.0135498046875,105.99942016601562
