,yhat1 2.5%,yhat1 97.5%
0,87.62983703613281,91.18313598632812
1,87.09589385986328,91.28721618652344
2,88.40968322753906,92.23310089111328
3,88.50601959228516,92.69851684570312
4,88.5478515625,93.52295684814453
5,89.83023071289062,93.93119049072266
6,91.36402893066406,95.1167984008789
7,91.90345001220703,95.59513092041016
8,92.35089111328125,97.14103698730469
9,94.45159149169922,98.06246948242188
10,96.04457092285156,99.1185302734375
11,96.62286376953125,100.63247680664062
12,97.7096176147461,101.7867431640625
13,99.01472473144531,102.5450210571289
14,100.52580261230469,103.82921600341797
15,101.50543975830078,105.0047607421875
16,102.44512176513672,106.31448364257812
