,yhat1 2.5%,yhat1 97.5%
0,87.97727966308594,91.00267791748047
1,87.69673919677734,91.24236297607422
2,88.74684143066406,91.92684936523438
3,88.85145568847656,92.34073638916016
4,89.04047393798828,93.31089782714844
5,90.34555053710938,93.85376739501953
6,91.84688568115234,95.18456268310547
7,92.30711364746094,95.26022338867188
8,92.77572631835938,96.95838165283203
9,94.89966583251953,98.16625213623047
10,96.44256591796875,99.0134506225586
11,97.01554870605469,100.3497543334961
12,98.06927490234375,101.57623291015625
13,99.49591064453125,102.43083190917969
14,101.02928161621094,103.58714294433594
15,102.04815673828125,104.59384155273438
16,103.01101684570312,105.95147705078125
