,yhat1 2.5%,yhat1 97.5%
0,87.80428314208984,91.08879089355469
1,87.75160217285156,91.19247436523438
2,88.85015869140625,91.87828826904297
3,88.91866302490234,92.4207763671875
4,88.98040771484375,93.26168060302734
5,90.52445983886719,93.78631591796875
6,91.92362213134766,95.25881958007812
7,92.29214477539062,95.26416778564453
8,92.89859008789062,96.897216796875
9,94.8851318359375,98.21268463134766
10,96.35272979736328,99.07217407226562
11,97.08814239501953,100.32633972167969
12,98.14868927001953,101.60652160644531
13,99.43067169189453,102.57450866699219
14,100.90901184082031,103.61738586425781
15,102.0536880493164,104.56399536132812
16,102.94956970214844,105.9580078125
