,yhat1 2.5%,yhat1 97.5%
0,88.12084197998047,91.86644744873047
1,87.72334289550781,91.2152328491211
2,88.73307037353516,92.47938537597656
3,88.86334228515625,93.22891235351562
4,89.1294174194336,93.53087615966797
5,90.30274200439453,93.96212005615234
6,91.76080322265625,95.18354034423828
7,92.297607421875,95.49591827392578
8,92.81292724609375,96.689697265625
9,94.8794174194336,98.25975036621094
10,96.38111877441406,99.39862060546875
11,96.96820068359375,100.16056060791016
12,98.09123229980469,101.53959655761719
13,99.51490020751953,102.71403503417969
14,101.03206634521484,103.95643615722656
15,102.02237701416016,104.77530670166016
16,103.04551696777344,106.03917694091797
