,yhat1 2.5%,yhat1 97.5%
0,88.09710693359375,91.71245574951172
1,87.54269409179688,91.48431396484375
2,88.73200225830078,92.54703521728516
3,88.81720733642578,92.96528625488281
4,89.146240234375,93.96052551269531
5,90.23361206054688,94.4908676147461
6,91.78231048583984,94.97278594970703
7,92.3974380493164,96.06416320800781
8,92.82649993896484,97.552001953125
9,94.91162109375,98.36182403564453
10,96.44757843017578,99.4664306640625
11,97.00408935546875,100.6209716796875
12,98.12651824951172,101.79724884033203
13,99.48001098632812,102.59758758544922
14,101.03534698486328,104.22770690917969
15,101.99505615234375,105.10347747802734
16,103.03447723388672,106.22737121582031
