,yhat1 5.0%,yhat1 95.0%
0,88.3069839477539,90.8643569946289
1,87.79071807861328,90.9288101196289
2,89.03894805908203,91.55746459960938
3,89.10433959960938,92.0517578125
4,89.38062286376953,93.01750183105469
5,90.54256439208984,93.43952941894531
6,92.05144500732422,94.8790283203125
7,92.5808334350586,95.06305694580078
8,93.05838775634766,96.61558532714844
9,95.07748413085938,97.87531280517578
10,96.61152648925781,98.87356567382812
11,97.17948150634766,100.05879211425781
12,98.29180145263672,101.27606201171875
13,99.63804626464844,102.26519775390625
14,101.20311737060547,103.41322326660156
15,102.15974426269531,104.30654907226562
16,103.18506622314453,105.71246337890625
