,yhat1 5.0%,yhat1 95.0%
0,88.38990020751953,90.71778869628906
1,87.82276916503906,90.94194793701172
2,88.99549102783203,91.5031509399414
3,89.06611633300781,91.93881225585938
4,89.42671203613281,92.9996109008789
5,90.45449829101562,93.4435043334961
6,92.01848602294922,94.7696533203125
7,92.55421447753906,95.03499603271484
8,92.99012756347656,96.67500305175781
9,95.05287170410156,97.87029266357422
10,96.6201171875,98.76387786865234
11,97.1211929321289,100.07042694091797
12,98.23013305664062,101.24007415771484
13,99.66609191894531,102.15251922607422
14,101.23603820800781,103.31904602050781
15,102.0959243774414,104.29393005371094
16,103.16780853271484,105.6795425415039
