,yhat1 5.0%,yhat1 95.0%
0,88.16278839111328,90.64752960205078
1,87.97136688232422,90.90310668945312
2,89.0126724243164,91.43269348144531
3,89.11929321289062,91.90132904052734
4,89.39585876464844,92.97407531738281
5,90.75685119628906,93.45294189453125
6,92.19550323486328,94.76498413085938
7,92.520263671875,95.00067138671875
8,93.1931381225586,96.69375610351562
9,95.0440444946289,97.90723419189453
10,96.48074340820312,98.73692321777344
11,97.17503356933594,100.04718780517578
12,98.31429290771484,101.23995971679688
13,99.6546859741211,102.14009857177734
14,101.1422119140625,103.27946472167969
15,102.1645278930664,104.2838363647461
16,103.19415283203125,105.66934967041016
