,yhat1 5.0%,yhat1 95.0%
0,88.29029846191406,90.91140747070312
1,87.87034606933594,90.77870178222656
2,89.02572631835938,91.55760955810547
3,89.13284301757812,92.27649688720703
4,89.3874282836914,93.08809661865234
5,90.57483673095703,93.3373031616211
6,92.03443908691406,94.91633605957031
7,92.51673889160156,95.23003387451172
8,93.05726623535156,96.59147644042969
9,95.05192565917969,97.87824249267578
10,96.56889343261719,98.9734115600586
11,97.15091705322266,100.14019012451172
12,98.27587127685547,101.34080505371094
13,99.6458511352539,102.34784698486328
14,101.19345092773438,103.49151611328125
15,102.18294525146484,104.38134765625
16,103.20826721191406,105.79425811767578
