,yhat1 5.0%,yhat1 95.0%
0,88.25357055664062,90.72854614257812
1,87.79369354248047,90.90950012207031
2,89.0101318359375,91.46733093261719
3,89.0965805053711,91.98035430908203
4,89.30862426757812,93.00871276855469
5,90.52275085449219,93.46719360351562
6,92.02092742919922,94.84050750732422
7,92.53717041015625,95.03948974609375
8,93.0322265625,96.67279815673828
9,95.03396606445312,97.8946533203125
10,96.58053588867188,98.8125991821289
11,97.17897033691406,100.07656860351562
12,98.27813720703125,101.26409912109375
13,99.610595703125,102.21461486816406
14,101.16514587402344,103.35520935058594
15,102.15400695800781,104.29923248291016
16,103.15975952148438,105.69046783447266
