,yhat1 2.5%,yhat1 97.5%
0,88.01200866699219,91.04466247558594
1,87.54779815673828,91.29133605957031
2,88.74452209472656,91.89209747314453
3,88.84264373779297,92.35601043701172
4,89.07514953613281,93.32630157470703
5,90.25016021728516,93.89567565917969
6,91.87458801269531,95.24111938476562
7,92.36593627929688,95.33930206298828
8,92.77074432373047,97.04671478271484
9,94.9274673461914,98.21403503417969
10,96.4712905883789,99.06704711914062
11,97.0033950805664,100.41180419921875
12,98.07780456542969,101.61595153808594
13,99.46405029296875,102.48206329345703
14,101.0040054321289,103.62689208984375
15,101.99359130859375,104.60430908203125
16,103.01303100585938,105.94886779785156
