,yhat1 5.0%,yhat1 95.0%
0,88.27084350585938,90.78749084472656
1,87.79296875,90.93846130371094
2,89.04415130615234,91.54666900634766
3,89.1260986328125,92.012939453125
4,89.39015197753906,93.01947021484375
5,90.56019592285156,93.43994140625
6,92.07745361328125,94.86199951171875
7,92.55387878417969,95.06269836425781
8,93.0550537109375,96.67936706542969
9,95.05976867675781,97.88701629638672
10,96.56558990478516,98.82805633544922
11,97.1461410522461,100.07588195800781
12,98.27326965332031,101.29012298583984
13,99.61164855957031,102.23168182373047
14,101.15478515625,103.36872100830078
15,102.13727569580078,104.31147003173828
16,103.17023468017578,105.71484375
