,yhat1 2.5%,yhat1 97.5%
0,88.33942413330078,91.0442886352539
1,87.766357421875,91.24395751953125
2,88.78827667236328,92.00927734375
3,89.18199157714844,92.4421615600586
4,89.53690338134766,93.36940002441406
5,90.34297180175781,93.86026000976562
6,92.06131744384766,95.16468811035156
7,92.423583984375,95.30426788330078
8,92.98429107666016,96.99547576904297
9,94.826171875,98.11479949951172
10,96.22730255126953,98.95089721679688
11,96.82225799560547,100.35261535644531
12,98.06877136230469,101.58457946777344
13,99.5243911743164,102.38733673095703
14,100.94184875488281,103.56646728515625
15,101.88339233398438,104.62222290039062
16,103.11331939697266,105.98456573486328
