,yhat1 5.0%,yhat1 95.0%
0,88.32659149169922,90.69290924072266
1,87.8507080078125,90.90870666503906
2,89.01972198486328,91.45336151123047
3,89.09283447265625,91.9400863647461
4,89.39009857177734,93.00706481933594
5,90.53036499023438,93.48126220703125
6,91.92727661132812,94.85173034667969
7,92.57476806640625,95.05912780761719
8,93.10604095458984,96.71292114257812
9,95.01373291015625,97.94013214111328
10,96.56411743164062,98.79230499267578
11,97.22350311279297,100.07353973388672
12,98.33560943603516,101.28941345214844
13,99.62141418457031,102.2318115234375
14,101.16615295410156,103.33149719238281
15,102.13784790039062,104.2773208618164
16,103.14673614501953,105.67503356933594
