,yhat1 5.0%,yhat1 95.0%
0,88.27860260009766,90.74148559570312
1,87.7710952758789,90.9408950805664
2,89.02175903320312,91.51582336425781
3,89.06520080566406,92.0115737915039
4,89.34536743164062,93.05139923095703
5,90.50862884521484,93.47872161865234
6,92.04611206054688,94.84033966064453
7,92.57630920410156,95.09760284423828
8,93.04383087158203,96.7442626953125
9,95.0979995727539,97.87303161621094
10,96.64027404785156,98.7948226928711
11,97.19082641601562,100.10997772216797
12,98.29486846923828,101.3013687133789
13,99.6514892578125,102.2080307006836
14,101.20252990722656,103.3631591796875
15,102.13787841796875,104.3306655883789
16,103.16386413574219,105.72709655761719
