,yhat1 5.0%,yhat1 95.0%
0,88.31240844726562,90.70276641845703
1,87.779541015625,90.9416732788086
2,89.00676727294922,91.44283294677734
3,89.02059936523438,91.888671875
4,89.31220245361328,92.97801208496094
5,90.51301574707031,93.47425079345703
6,91.9135513305664,94.76689147949219
7,92.5673828125,95.0185775756836
8,93.04790496826172,96.67564392089844
9,95.0578842163086,97.87940979003906
10,96.61470031738281,98.72411346435547
11,97.21926879882812,100.04002380371094
12,98.3291015625,101.20425415039062
13,99.6398696899414,102.12088012695312
14,101.2078628540039,103.27023315429688
15,102.1479263305664,104.26337432861328
16,103.1250991821289,105.645263671875
