,yhat1 2.5%,yhat1 97.5%
0,87.9715347290039,90.85218811035156
1,87.58307647705078,91.20370483398438
2,88.76947784423828,91.77153015136719
3,88.87770080566406,92.24308776855469
4,89.07914733886719,93.2739028930664
5,90.32211303710938,93.89351654052734
6,91.8584213256836,95.21448516845703
7,92.35975646972656,95.26161193847656
8,92.8453598022461,97.0572509765625
9,94.93507385253906,98.24855041503906
10,96.4283218383789,98.96668243408203
11,97.03423309326172,100.32853698730469
12,98.13255310058594,101.58677673339844
13,99.4582290649414,102.42571258544922
14,100.95186614990234,103.49381256103516
15,101.99504852294922,104.55862426757812
16,102.9921875,105.93982696533203
