,yhat1 2.5%,yhat1 97.5%
0,88.12984466552734,91.28669738769531
1,87.51494598388672,91.01079559326172
2,88.43595886230469,90.91073608398438
3,89.0101547241211,92.30338287353516
4,88.81410217285156,93.14344787597656
5,90.29529571533203,94.11478424072266
6,91.54518127441406,94.3199234008789
7,92.023681640625,95.5978775024414
8,92.82524871826172,96.7894287109375
9,94.71276092529297,97.56275177001953
10,96.19552612304688,99.3494873046875
11,96.76481628417969,100.6217269897461
12,97.9906005859375,101.52619934082031
13,99.41123962402344,102.80247497558594
14,100.83901977539062,103.8837890625
15,101.97589111328125,104.9789810180664
16,102.93196105957031,106.19562530517578
