,yhat1 5.0%,yhat1 95.0%
0,88.27770233154297,90.66566467285156
1,87.88858795166016,90.92922973632812
2,88.97858428955078,91.48702239990234
3,89.07856750488281,91.94375610351562
4,89.37696075439453,93.00541687011719
5,90.5743637084961,93.48060607910156
6,91.9615478515625,94.82511138916016
7,92.52536010742188,95.02899169921875
8,93.11566925048828,96.69989776611328
9,95.05152893066406,97.91578674316406
10,96.57612609863281,98.77821350097656
11,97.20651245117188,100.07296752929688
12,98.33177185058594,101.26632690429688
13,99.66496276855469,102.19441223144531
14,101.18972778320312,103.3427734375
15,102.15840148925781,104.30683898925781
16,103.17002868652344,105.69586944580078
