,yhat1 5.0%,yhat1 95.0%
0,88.47062683105469,90.68177032470703
1,87.89685821533203,90.9295883178711
2,88.94965362548828,91.5235595703125
3,89.09104919433594,91.9528579711914
4,89.45962524414062,92.9876708984375
5,90.4805679321289,93.43242645263672
6,91.79071044921875,94.77102661132812
7,92.5040283203125,95.00129699707031
8,93.11370849609375,96.67901611328125
9,94.98456573486328,97.86502075195312
10,96.49343872070312,98.72917938232422
11,97.15755462646484,100.0541763305664
12,98.35008239746094,101.2522964477539
13,99.65312194824219,102.13783264160156
14,101.17314147949219,103.30170440673828
15,102.12330627441406,104.30461120605469
16,103.18388366699219,105.69696044921875
