,yhat1 2.5%,yhat1 97.5%
0,87.97344207763672,90.972900390625
1,87.53384399414062,91.27325439453125
2,88.7928466796875,92.0389175415039
3,88.8769760131836,92.41915893554688
4,89.15074157714844,93.29463195800781
5,90.3309555053711,93.90718078613281
6,91.90480041503906,95.19036865234375
7,92.42753601074219,95.35948944091797
8,92.85193634033203,97.06077575683594
9,94.9450912475586,98.15721893310547
10,96.4813461303711,98.96179962158203
11,97.04424285888672,100.3795394897461
12,98.11137390136719,101.62168884277344
13,99.45069885253906,102.48258972167969
14,100.99363708496094,103.60448455810547
15,102.00093841552734,104.64824676513672
16,103.0122299194336,105.98811340332031
