,yhat1 2.5%,yhat1 97.5%
0,87.97644805908203,90.99575805664062
1,87.60545349121094,91.22379302978516
2,88.78782653808594,91.8768539428711
3,88.80415344238281,92.31983947753906
4,89.07089233398438,93.29210662841797
5,90.31609344482422,93.82901763916016
6,91.86740112304688,95.16667938232422
7,92.34857940673828,95.27586364746094
8,92.79503631591797,96.93151092529297
9,94.95236206054688,98.16671752929688
10,96.45809173583984,99.02450561523438
11,97.02151489257812,100.32365417480469
12,98.10365295410156,101.53092193603516
13,99.47608947753906,102.43272399902344
14,101.00322723388672,103.5892105102539
15,101.99465942382812,104.5732421875
16,102.99283599853516,105.92969512939453
