,yhat1 5.0%,yhat1 95.0%
0,88.40946197509766,90.9063491821289
1,88.07829284667969,90.98175811767578
2,88.79951477050781,91.61080932617188
3,89.32865905761719,92.16474914550781
4,89.74264526367188,93.00508117675781
5,90.71778106689453,93.41741943359375
6,91.6472396850586,94.80964660644531
7,92.51724243164062,94.98368072509766
8,93.3399658203125,96.59404754638672
9,94.75993347167969,97.9305419921875
10,96.18702697753906,98.88238525390625
11,97.16376495361328,100.03457641601562
12,98.45445251464844,101.3170394897461
13,99.66886138916016,102.36300659179688
14,101.06070709228516,103.4903564453125
15,102.13111877441406,104.35365295410156
16,103.16361999511719,105.72695922851562
