,yhat1 2.5%,yhat1 97.5%
0,87.98550415039062,91.04898834228516
1,87.59889221191406,91.2181167602539
2,88.78487396240234,91.91511535644531
3,88.85465240478516,92.3900375366211
4,89.06458282470703,93.3136215209961
5,90.32897186279297,93.8261489868164
6,91.85397338867188,95.2087173461914
7,92.37848663330078,95.27859497070312
8,92.82412719726562,96.9425048828125
9,94.94773864746094,98.19512176513672
10,96.47509765625,99.01697540283203
11,97.05057525634766,100.33502960205078
12,98.1299819946289,101.58036804199219
13,99.49068450927734,102.46497344970703
14,101.009521484375,103.5843734741211
15,102.03093719482422,104.57889556884766
16,103.00431060791016,105.94878387451172
