,yhat1 5.0%,yhat1 95.0%
0,88.3111801147461,90.76764678955078
1,87.77723693847656,90.9328842163086
2,89.02883911132812,91.47990417480469
3,89.06288146972656,91.9381332397461
4,89.37236022949219,92.958251953125
5,90.49114227294922,93.40282440185547
6,92.02780151367188,94.79818725585938
7,92.57408142089844,95.01380920410156
8,93.01976013183594,96.56916046142578
9,95.0673828125,97.88047790527344
10,96.6156005859375,98.81793975830078
11,97.159423828125,100.02024841308594
12,98.27317810058594,101.20761108398438
13,99.63172912597656,102.20877075195312
14,101.20315551757812,103.3546371459961
15,102.12609100341797,104.24756622314453
16,103.16029357910156,105.64217376708984
