,yhat1 5.0%,yhat1 95.0%
0,88.43228912353516,90.88471221923828
1,87.83721923828125,90.85530853271484
2,88.90637969970703,91.55648040771484
3,89.13788604736328,92.17728424072266
4,89.39197540283203,93.0369873046875
5,90.46556091308594,93.31731414794922
6,91.95674896240234,94.85714721679688
7,92.49735260009766,95.09822082519531
8,93.00817108154297,96.59017944335938
9,95.025390625,97.83314514160156
10,96.57640075683594,98.85551452636719
11,97.10762786865234,100.08830261230469
12,98.24343872070312,101.28840637207031
13,99.67941284179688,102.2569580078125
14,101.20894622802734,103.38973999023438
15,102.12527465820312,104.31672668457031
16,103.18612670898438,105.73574829101562
