,yhat1 2.5%,yhat1 97.5%
0,87.99737548828125,91.28558349609375
1,87.654052734375,91.08174133300781
2,88.76652526855469,91.67776489257812
3,88.88118743896484,92.60609436035156
4,89.12462615966797,93.46044921875
5,90.32408905029297,93.77477264404297
6,91.7542953491211,95.30907440185547
7,92.38990020751953,95.49150848388672
8,92.90279388427734,97.00672149658203
9,94.86320495605469,98.28141784667969
10,96.41047668457031,99.2398910522461
11,97.10855865478516,100.45450592041016
12,98.16964721679688,101.66364288330078
13,99.4388198852539,102.63111114501953
14,100.95526123046875,103.72222137451172
15,102.00843811035156,104.64179992675781
16,102.98206329345703,106.03306579589844
