,yhat1 2.5%,yhat1 97.5%
0,88.06754302978516,91.28524017333984
1,87.65953063964844,90.87432861328125
2,88.74666595458984,91.85346984863281
3,88.8704833984375,92.73383331298828
4,89.1301498413086,93.01590728759766
5,90.38088989257812,94.16364288330078
6,91.80094909667969,96.12944793701172
7,92.34500122070312,95.48251342773438
8,92.88023376464844,97.41459655761719
9,94.91093444824219,99.28934478759766
10,96.40423583984375,100.39158630371094
11,97.01677703857422,100.31244659423828
12,98.15055084228516,102.00581359863281
13,99.5008316040039,103.25885009765625
14,101.01358795166016,104.09899139404297
15,102.03955078125,105.24528503417969
16,103.04193878173828,106.80584716796875
