,yhat1 5.0%,yhat1 95.0%
0,88.29252624511719,90.933349609375
1,87.83069610595703,91.08021545410156
2,89.04864501953125,91.8205337524414
3,89.11286926269531,92.01029205322266
4,89.38037109375,93.00704956054688
5,90.55404663085938,93.62297058105469
6,92.05451202392578,94.8354721069336
7,92.54988098144531,95.07549285888672
8,93.05976867675781,96.66773986816406
9,95.05590057373047,97.85067749023438
10,96.58950805664062,98.8616714477539
11,97.17860412597656,100.05410766601562
12,98.27958679199219,101.29733276367188
13,99.62442016601562,102.23497009277344
14,101.19209289550781,103.50589752197266
15,102.1576919555664,104.34832763671875
16,103.18492889404297,105.64942932128906
