,yhat1 5.0%,yhat1 95.0%
0,88.30582427978516,90.78136444091797
1,87.88874053955078,90.87193298339844
2,89.00051879882812,91.53902435302734
3,89.08197021484375,92.03943634033203
4,89.33965301513672,92.98958587646484
5,90.53227996826172,93.36650848388672
6,92.00736236572266,94.83152770996094
7,92.49822998046875,95.039306640625
8,93.01353454589844,96.62213897705078
9,95.0345230102539,97.87168884277344
10,96.58911895751953,98.85220336914062
11,97.16070556640625,100.10173034667969
12,98.2503662109375,101.30606842041016
13,99.65155792236328,102.25860595703125
14,101.2085952758789,103.40190887451172
15,102.14883422851562,104.3126220703125
16,103.16548156738281,105.71697235107422
