,yhat1 2.5%,yhat1 97.5%
0,88.01554870605469,91.41130828857422
1,87.63113403320312,91.45073699951172
2,88.75772094726562,91.99652862548828
3,88.82881927490234,92.41197967529297
4,89.06088256835938,93.49180603027344
5,90.28034210205078,93.94206237792969
6,91.80474090576172,95.41524505615234
7,92.333251953125,95.40111541748047
8,92.80007934570312,97.04408264160156
9,94.8936996459961,98.3003158569336
10,96.45378112792969,99.27574157714844
11,97.01971435546875,100.41423797607422
12,98.07786560058594,101.6903076171875
13,99.4692153930664,102.625244140625
14,101.00765228271484,103.8067398071289
15,101.99040985107422,104.59121704101562
16,102.9886703491211,105.98963165283203
