,yhat1 2.5%,yhat1 97.5%
0,87.96932983398438,91.22908020019531
1,87.63370513916016,91.21022033691406
2,88.78311920166016,91.8457260131836
3,88.82466888427734,92.7176513671875
4,89.03081512451172,93.4012680053711
5,90.32015991210938,93.48993682861328
6,91.86605834960938,95.16962432861328
7,92.2889404296875,95.5833969116211
8,92.75302124023438,97.2151107788086
9,94.9535140991211,97.98457336425781
10,96.43169403076172,99.10771179199219
11,96.97770690917969,100.6445541381836
12,98.07810974121094,101.81660461425781
13,99.48149108886719,102.48756408691406
14,100.9986343383789,103.66539764404297
15,102.0280532836914,104.75611877441406
16,103.02275085449219,106.16453552246094
