,yhat1 2.5%,yhat1 97.5%
0,88.2734146118164,90.9416732788086
1,88.0191650390625,91.22434997558594
2,88.73440551757812,91.88230895996094
3,89.06243896484375,92.32856750488281
4,89.78482818603516,93.29876708984375
5,90.08109283447266,93.87030792236328
6,92.14791107177734,95.20040893554688
7,92.45690155029297,95.30278778076172
8,92.91175079345703,97.01424407958984
9,94.49034118652344,98.1895751953125
10,96.27501678466797,99.00901794433594
11,96.8132095336914,100.37637329101562
12,97.80363464355469,101.591796875
13,99.25459289550781,102.43423461914062
14,100.7532958984375,103.57606506347656
15,101.52473449707031,104.61021423339844
16,102.99478912353516,105.9666519165039
