,yhat1 5.0%,yhat1 95.0%
0,88.33335876464844,90.76287841796875
1,87.80999755859375,90.91201782226562
2,89.03023529052734,91.5297622680664
3,89.07261657714844,92.04173278808594
4,89.40238189697266,93.02826690673828
5,90.53044891357422,93.434326171875
6,92.03026580810547,94.83624267578125
7,92.58642578125,95.07331848144531
8,93.06742858886719,96.67759704589844
9,95.07915496826172,97.8525619506836
10,96.620361328125,98.7896499633789
11,97.18276977539062,100.07926940917969
12,98.29815673828125,101.26789855957031
13,99.663818359375,102.19685363769531
14,101.2269515991211,103.348876953125
15,102.14283752441406,104.31401062011719
16,103.18031311035156,105.71546936035156
