,yhat1 5.0%,yhat1 95.0%
0,88.28357696533203,90.69808959960938
1,87.754638671875,90.89125061035156
2,88.99881744384766,91.4438247680664
3,89.11814880371094,92.02362823486328
4,89.36186218261719,93.0345687866211
5,90.51543426513672,93.5105209350586
6,92.06060028076172,94.93833923339844
7,92.58531951904297,95.10828399658203
8,93.03752136230469,96.73497772216797
9,95.05728149414062,97.92384338378906
10,96.60698699951172,98.83395385742188
11,97.1844482421875,100.06749725341797
12,98.28789520263672,101.27169036865234
13,99.62362670898438,102.22956848144531
14,101.18012237548828,103.34040069580078
15,102.14984893798828,104.32145690917969
16,103.17371368408203,105.73825073242188
