,yhat1 5.0%,yhat1 95.0%
0,88.26387786865234,90.84620666503906
1,87.7797622680664,90.88652038574219
2,89.01808166503906,91.54839324951172
3,89.08489990234375,92.03132629394531
4,89.32730102539062,92.9817123413086
5,90.52192687988281,93.43778991699219
6,92.03923797607422,94.85258483886719
7,92.55024719238281,95.09066009521484
8,93.03266143798828,96.61487579345703
9,95.0611572265625,97.8895034790039
10,96.59955596923828,98.88129425048828
11,97.17662811279297,100.05755615234375
12,98.28898620605469,101.2882308959961
13,99.6229019165039,102.28826141357422
14,101.18626403808594,103.42412567138672
15,102.15365600585938,104.30429077148438
16,103.16365051269531,105.70061492919922
