,yhat1 2.5%,yhat1 97.5%
0,88.03807067871094,91.00567626953125
1,87.58360290527344,91.17666625976562
2,88.74746704101562,91.86737823486328
3,88.80533599853516,92.3241195678711
4,89.1030502319336,93.27672576904297
5,90.26254272460938,93.78463745117188
6,91.82841491699219,95.19398498535156
7,92.37609100341797,95.27400970458984
8,92.79094696044922,96.89583587646484
9,94.91798400878906,98.1854476928711
10,96.48346710205078,99.05753326416016
11,97.02214813232422,100.33493041992188
12,98.08837890625,101.56440734863281
13,99.4776382446289,102.47252655029297
14,101.02823638916016,103.6010971069336
15,101.98171997070312,104.55398559570312
16,102.99433898925781,105.92420959472656
