,yhat1 5.0%,yhat1 95.0%
0,88.30298614501953,90.81256103515625
1,87.8823471069336,90.9655990600586
2,88.95800018310547,91.53192901611328
3,89.17216491699219,92.01419067382812
4,89.44175720214844,93.03005981445312
5,90.5475082397461,93.45695495605469
6,92.055908203125,94.84783172607422
7,92.4933090209961,95.03071594238281
8,93.03401184082031,96.70887756347656
9,95.02928161621094,97.87142181396484
10,96.5577621459961,98.78166198730469
11,97.11271667480469,100.08871459960938
12,98.21490478515625,101.28889465332031
13,99.65835571289062,102.19534301757812
14,101.1837158203125,103.33863830566406
15,102.13165283203125,104.31758117675781
16,103.18315124511719,105.7102279663086
