,yhat1 5.0%,yhat1 95.0%
0,88.15801239013672,90.7027587890625
1,87.8524398803711,90.90782165527344
2,89.05599975585938,91.4917221069336
3,89.1170654296875,91.96394348144531
4,89.28341674804688,92.98974609375
5,90.57758331298828,93.45632934570312
6,92.05335235595703,94.82284545898438
7,92.5331802368164,95.02523803710938
8,93.06282806396484,96.65188598632812
9,95.02233123779297,97.89866638183594
10,96.56587219238281,98.79086303710938
11,97.22428131103516,100.05169677734375
12,98.2997817993164,101.25225830078125
13,99.59135437011719,102.20279693603516
14,101.14460754394531,103.34654998779297
15,102.18962860107422,104.29754638671875
16,103.15660095214844,105.68690490722656
