,yhat1 2.5%,yhat1 97.5%
0,88.1746826171875,91.02144622802734
1,87.39794921875,91.26691436767578
2,88.57476043701172,91.93111419677734
3,89.01527404785156,92.37004852294922
4,89.2285385131836,93.34718322753906
5,90.22306060791016,93.89849090576172
6,91.97653198242188,95.24520874023438
7,92.42755126953125,95.31637573242188
8,92.80025482177734,97.0255126953125
9,94.91654968261719,98.18121337890625
10,96.50944519042969,99.0553207397461
11,96.94660949707031,100.36111450195312
12,97.99430084228516,101.59867858886719
13,99.49880981445312,102.45162200927734
14,101.04377746582031,103.60527801513672
15,101.9807357788086,104.62500762939453
16,103.0654525756836,105.9966812133789
