,yhat1 5.0%,yhat1 95.0%
0,88.34227752685547,90.77890014648438
1,87.77642822265625,90.94709014892578
2,89.02291870117188,91.53758239746094
3,89.07709503173828,91.99665832519531
4,89.3956527709961,93.01153564453125
5,90.48809051513672,93.4398193359375
6,92.03897857666016,94.87830352783203
7,92.59603881835938,95.04349517822266
8,93.02937316894531,96.59806823730469
9,95.07427978515625,97.89250183105469
10,96.62818145751953,98.83934783935547
11,97.166748046875,100.01663970947266
12,98.27997589111328,101.2291030883789
13,99.65257263183594,102.2359619140625
14,101.22549438476562,103.37686157226562
15,102.12850952148438,104.27471160888672
16,103.17156982421875,105.689697265625
