,yhat1 5.0%,yhat1 95.0%
0,88.4171371459961,90.80453491210938
1,87.64900970458984,90.97672271728516
2,88.78803253173828,91.5979995727539
3,89.41967010498047,92.0677261352539
4,89.37357330322266,93.03192138671875
5,90.27529907226562,93.4526138305664
6,91.95134735107422,94.88932037353516
7,92.60079956054688,95.07486724853516
8,93.09115600585938,96.6375961303711
9,94.82414245605469,97.86534881591797
10,96.6285629272461,98.84171295166016
11,97.1833267211914,100.0633544921875
12,98.07929992675781,101.23969268798828
13,99.5220947265625,102.21766662597656
14,101.21952819824219,103.39663696289062
15,102.1657943725586,104.3181381225586
16,103.22572326660156,105.71014404296875
