,yhat1 5.0%,yhat1 95.0%
0,88.229248046875,90.8198471069336
1,87.81111907958984,90.89055633544922
2,89.00916290283203,91.55583190917969
3,89.07903289794922,92.10258483886719
4,89.33820343017578,92.9978256225586
5,90.56433868408203,93.4188232421875
6,92.04682922363281,94.8639144897461
7,92.53074645996094,95.06595611572266
8,93.05072021484375,96.6075439453125
9,95.0752944946289,97.86956787109375
10,96.58883666992188,98.87052154541016
11,97.16920471191406,100.07887268066406
12,98.28487396240234,101.30027770996094
13,99.63899993896484,102.29120635986328
14,101.17787170410156,103.41835021972656
15,102.1618881225586,104.32482147216797
16,103.17240905761719,105.72755432128906
