,yhat1 5.0%,yhat1 95.0%
0,88.31940460205078,90.82949829101562
1,87.87548065185547,90.9494400024414
2,89.01449584960938,91.66065979003906
3,89.086669921875,92.11380004882812
4,89.350341796875,93.05070495605469
5,90.53250122070312,93.44894409179688
6,92.0007553100586,94.84761047363281
7,92.51557159423828,95.07266998291016
8,93.02873229980469,96.66564178466797
9,95.04237365722656,97.82069396972656
10,96.58489990234375,98.78854370117188
11,97.16029357910156,100.07756805419922
12,98.2641372680664,101.30558776855469
13,99.64657592773438,102.2132797241211
14,101.20345306396484,103.38017272949219
15,102.15668487548828,104.34403991699219
16,103.1751480102539,105.75196838378906
