,yhat1 5.0%,yhat1 95.0%
0,88.34198760986328,90.7311019897461
1,87.83450317382812,90.93122863769531
2,88.96930694580078,91.47239685058594
3,89.0997085571289,91.98978424072266
4,89.343017578125,92.98785400390625
5,90.50881958007812,93.4661636352539
6,91.99585723876953,94.78640747070312
7,92.50914001464844,95.09034729003906
8,93.04866027832031,96.6496353149414
9,95.0621337890625,97.84254455566406
10,96.59439849853516,98.82025146484375
11,97.16036987304688,100.07466125488281
12,98.2905502319336,101.20465850830078
13,99.67056274414062,102.18209075927734
14,101.19091033935547,103.37139892578125
15,102.1301498413086,104.31585693359375
16,103.16461181640625,105.67172241210938
