,yhat1 2.5%,yhat1 97.5%
0,87.96321868896484,91.33869934082031
1,87.58373260498047,91.2934799194336
2,88.73748779296875,92.33263397216797
3,88.82738494873047,92.50191497802734
4,89.04431915283203,93.36294555664062
5,90.27912902832031,93.80873107910156
6,91.87141418457031,95.34467315673828
7,92.33738708496094,95.46632385253906
8,92.78795623779297,96.83660888671875
9,94.93907928466797,98.04839324951172
10,96.46176147460938,99.1014633178711
11,97.01302337646484,100.34330749511719
12,98.07941436767578,101.74095153808594
13,99.47074890136719,102.66278076171875
14,100.98917388916016,103.80055236816406
15,101.99918365478516,104.61909484863281
16,103.00706481933594,106.0266342163086
