,yhat1 2.5%,yhat1 97.5%
0,88.00181579589844,91.0656509399414
1,87.57215118408203,91.0145034790039
2,88.78323364257812,91.70914459228516
3,88.79679870605469,92.53140258789062
4,89.10466766357422,93.28924560546875
5,90.29814147949219,93.68010711669922
6,91.86005401611328,95.16667175292969
7,92.35465240478516,95.39986419677734
8,92.80274963378906,96.94747161865234
9,94.94906616210938,98.18588256835938
10,96.44920349121094,99.1368637084961
11,96.9979248046875,100.41508483886719
12,98.09418487548828,101.60678100585938
13,99.47801208496094,102.56449890136719
14,101.01821899414062,103.66881561279297
15,101.99124145507812,104.63658905029297
16,103.01630401611328,105.99679565429688
